name: unet3
channels:
  - defaults
dependencies:
  - ca-certificates=2019.8.28=0
  - certifi=2019.9.11=py37_0
  - git=2.20.1=h6bb4b03_0
  - intel-openmp=2019.4=245
  - libpython=2.1=py37_0
  - m2w64-binutils=2.25.1=5
  - m2w64-bzip2=1.0.6=6
  - m2w64-crt-git=5.0.0.4636.2595836=2
  - m2w64-gcc=5.3.0=6
  - m2w64-gcc-ada=5.3.0=6
  - m2w64-gcc-fortran=5.3.0=6
  - m2w64-gcc-libgfortran=5.3.0=6
  - m2w64-gcc-libs=5.3.0=7
  - m2w64-gcc-libs-core=5.3.0=7
  - m2w64-gcc-objc=5.3.0=6
  - m2w64-gmp=6.1.0=2
  - m2w64-headers-git=5.0.0.4636.c0ad18a=2
  - m2w64-isl=0.16.1=2
  - m2w64-libiconv=1.14=6
  - m2w64-libmangle-git=5.0.0.4509.2e5a9a2=2
  - m2w64-libwinpthread-git=5.0.0.4634.697f757=2
  - m2w64-make=4.1.2351.a80a8b8=2
  - m2w64-mpc=1.0.3=3
  - m2w64-mpfr=3.1.4=4
  - m2w64-pkg-config=0.29.1=2
  - m2w64-toolchain=5.3.0=7
  - m2w64-tools-git=5.0.0.4592.90b8472=2
  - m2w64-windows-default-manifest=6.4=3
  - m2w64-winpthreads-git=5.0.0.4634.697f757=2
  - m2w64-zlib=1.2.8=10
  - mkl=2019.4=245
  - mkl-service=2.3.0=py37hb782905_0
  - msys2-conda-epoch=20160418=1
  - openssl=1.1.1d=he774522_3
  - pip=19.2.3=py37_0
  - python=3.7.4=h5263a28_0
  - setuptools=41.4.0=py37_0
  - sqlite=3.30.0=he774522_0
  - vc=14.1=h0510ff6_4
  - vs2015_runtime=14.16.27012=hf0eaf9b_0
  - wheel=0.33.6=py37_0
  - wincertstore=0.2=py37_0
  - pip:
    - cycler==0.10.0
    - h5py==2.10.0
    - kiwisolver==1.1.0
    - lasagne==0.2.dev1
    - matplotlib==3.1.1
    - numpy==1.17.3
    - pyparsing==2.4.2
    - python-dateutil==2.8.0
    - scipy==1.3.1
    - six==1.12.0
    - theano==1.0.4
prefix: C:\Users\else01\AppData\Local\Continuum\miniconda3\envs\unet3

